
772 
FOUS61 KWNO 060000
OUTPUT FROM NAM 00Z OCT 06 26
TTPTTR1R2R3 VVVLI PSDDFF HHT1T3T5   TTPTTR1R2R3 VVVLI PSDDFF HHT1T3T5
ALB//663808 -3311 173014 42100498   BTV//695504 02103 153012 34080295
06000723323 -3218 183013 46080196   06000703512 -2516 162913 36040095
12000683333 -5821 202912 47040199   12000754129 -4817 192810 40039896
18000423839 -3718 183011 50110200   18000513531 -4118 162910 45080197
24000473921 -3718 192812 52090402   24000472917 -3618 172909 48090298
30000533421 -2520 182406 53080504   30000584244 -0819 162011 51060303
36000615532 -1814 161813 56070706   36000627145 01712 131813 54060704
42000566627 02711 111914 59150803   42011718540 16409 101714 55090804
48000627147 00007 101915 59141006   48007727121 02401 081917 54120804
54000785630 02102 101912 58131105   54000855129 02503 082012 52110903
60000875934 02703 101911 56131004   60000924325 02005 092011 49110902
BOS//583306 -3511 132918 45140799   LGA//443011 -1614 173215 56160900
06000672916 -2518 153017 47100398   06000652225 -2417 193216 55110600
12000642731 -1921 172918 48070200   12000733030 -1520 213213 54080303
18000443136 -0717 152915 51110401   18000393227 -1519 193109 55130504
24000443232 -0817 172815 52120501   24000423526 -0717 193008 56140706
30000482723 -1021 182911 54100603   30000483135 -1218 193305 57120708
36000543523 -2020 182308 55090606   36000643023 -0717 182209 59120709
42000504427 -0413 142114 58150708   42000533930 -1714 152012 60150910
48000725424 01709 122118 59141109   48000563623 01910 132114 62160910
54000835747 -0107 122218 59131008   54000785737 00604 122214 62151208
60000895430 -1503 112215 59141206   60000894832 00303 122312 62141307
PHL//683010 -5609 183111 60161001   IPT//513517 -4112 203210 55120698
06000603120 -2016 203414 58130702   06000643327 -1719 223313 53080100
12000722327 -0121 223412 57080506   12000773433 -1219 233410 53060104
18000502830 -1417 213107 57130506   18000553430 -1216 213205 55110304
24000562922 -0515 202905 58140607   24000564123 -0415 192104 57110506
30000583124 -0217 192603 59120809   30000633926 00213 192010 58090706
36000603022 -1116 182110 60110810   36000734523 -1609 171914 59070808
42000493429 -1312 152011 62160911   42000694220 00607 122010 61151008
48000683617 00109 142113 64161111   48000705044 -2403 112011 62161106
54000795129 00704 132215 64151409   54000754537 01401 112309 61151105
60000814835 00904 132415 63151408   60000874533 00102 122309 60141104

