
559 
FOUS61 KWNO 070000
OUTPUT FROM NAM 00Z OCT 07 26
TTPTTR1R2R3 VVVLI PSDDFF HHT1T3T5   TTPTTR1R2R3 VVVLI PSDDFF HHT1T3T5
ALB//594228 -2119 192812 52080403   BTV//573821 -3217 173205 48080299
06000683329 -1218 192605 54060505   06000674540 -2017 172109 51060303
12000704128 -0915 181812 55050706   12000654939 -2311 151714 53050804
18000535233 -0107 111813 57150907   18000536145 08603 081918 56131006
24000655120 -3005 091817 57141005   24000638320 04601 071918 54130904
30000807025 01602 081915 55131105   30002836426 09798 051915 50111003
36002877312 07899 081911 51121003   36000917422 05500 061913 47110900
42000503012 03600 092817 48180900   42007634908 03598 052311 44150700
48000582821 02610 132813 47140700   48000614607 02203 112610 41120598
54000684914 01806 152711 45120700   54000614730 -1104 132509 41110598
60000664416 04109 182512 45110599   60000744731 02007 162511 39090296
BOS//493132 -0216 163014 53120601   LGA//502724 -1217 193209 57140706
06000603137 -2319 173108 54090604   06000602426 -0520 193607 57100707
12000603027 -1219 182003 55090505   12000683229 -0816 191902 57090808
18000403328 -0515 142112 57140908   18000553928 -0112 152010 59150909
24000674422 02910 122018 58131109   24000693821 02706 131914 61161010
30000864730 -1305 102218 57131007   30000874328 00404 112115 60141107
36000956123 -0902 092118 56131206   36000955919 01002 112312 60131406
42003724221 -1701 072316 54191204   42000612726 -1805 102610 59211405
48001492027 -3110 112819 52171003   48000403240 -2409 133012 57201302
54000603227 01310 152814 49130800   54000443018 01511 163109 54171002
60000684216 -0409 172615 46120800   60000543020 -1011 202810 53150901
PHL//672322 -1515 203104 59130708   IPT//633328 -1716 203603 57100606
06000773020 -1916 200404 59100808   06000773637 -2012 191605 57070806
12001793421 -1615 192005 58090809   12000884931 -1407 191811 57060806
18000523621 00010 152009 61161010   18000763622 00407 121910 60141008
24000663721 -0407 131913 63161111   24000733927 -1103 101914 60161106
30000903725 01505 112016 62141408   30000805620 04102 092010 59141205
36000844616 -0302 112314 63151506   36000773826 00805 112810 54141003
42000492829 -2705 112811 62221406   42000383226 00011 122814 54181000
48000473532 00107 153113 60201304   48000392830 -1311 152911 53160800
54000413022 01811 173410 58181203   54000532815 -0110 182811 51130700
60000472217 -0313 213107 56151004   60000652720 -0513 222912 52110501

