
968 
FOUS61 KWNO 110000
OUTPUT FROM NAM 00Z OCT 11 26
TTPTTR1R2R3 VVVLI PSDDFF HHT1T3T5   TTPTTR1R2R3 VVVLI PSDDFF HHT1T3T5
ALB//683949 -1417 310904 61101008   BTV//675137 -1817 321403 57080705
06000763650 -0914 311608 61091109   06000664462 00013 301712 60081108
12000965166 -2216 301811 60091108   12000764056 00410 281814 60091207
18000938867 02014 261810 61110706   18000676365 -0714 231811 60141108
24029989769 05807 191312 63090809   24000867962 03208 201912 60100806
30086989227 00305 120407 64091107   30006988860 -2408 131606 60090807
36002988430 -2404 103507 61090907   36000923946 -3109 102303 60091008
42000773616 -1808 093107 64161210   42000877228 -2807 093106 61120909
48000876744 -2505 113109 63141010   48004988651 -0607 113609 59110706
54000938656 -9906 131002 61131007   54012989665 01207 140603 57080605
60013969346 03502 141621 62121207   60017918833 01005 131417 59070707
BOS//613633 -1619 320403 59120807   LGA//722452 03713 301307 64161210
06000714341 -1418 320702 60110908   06000933270 00510 311110 63141109
12000863863 00816 312003 61100909   12000915875 -1911 281012 64151110
18000776068 -9916 271808 61131010   18000819271 01412 240915 66161106
24000759073 12316 211608 64130708   24016989365 00703 150719 70151312
30071989569 -0405 100622 67111012   30024989325 -0297 080115 70131713
36040985315 -0805 080114 64101008   36001905517 -1103 080215 66121311
42000774223 -1108 063107 65141210   42000705610 00206 083310 65181210
48000776529 -0309 093416 64151209   48000784924 01009 113314 67171612
54000867638 -1509 140618 59120608   54000856042 -0407 130209 65151411
60003979447 -1006 180815 58100407   60000976335 00606 161106 64131110
PHL//703260 -0111 301109 65171310   IPT//703457 -1110 291502 64141108
06000905968 03110 290913 65151209   06000827971 -9913 291610 62131006
12000878376 -0810 260916 67161208   12014978642 -3412 261114 63111008
18011989566 02702 190918 70171212   18115999748 30710 200817 67130909
24015999365 -6900 110815 73171713   24113999763 28301 140510 67121110
30027995217 04895 060407 71171813   30075946722 00000 100511 65111210
36010936717 -3000 070213 66121411   36000956412 00804 113512 64111109
42000694908 -0905 093411 66191110   42000833321 00706 123309 66171110
48000773027 -1208 123413 68181412   48000794839 -0805 122908 67171610
54000835340 01005 143604 67171311   54000984135 00902 132705 66131608
60000893622 01006 151307 66151411   60002995816 -1699 141809 66141708

