
725 
FOUS61 KWNO 081800
OUTPUT FROM NAM 18Z OCT 08 26
TTPTTR1R2R3 VVVLI PSDDFF HHT1T3T5   TTPTTR1R2R3 VVVLI PSDDFF HHT1T3T5
ALB//523315 01404 102813 48170900   BTV//586807 00697 082810 44150700
06000593926 03007 142811 47150800   06002619310 05600 122511 43140699
12000663729 01107 162612 47130700   12000735037 00004 132410 41110599
18000725711 06404 182512 44110699   18000795735 01104 162310 39090398
24000543809 04005 202915 43140500   24002565708 01603 172813 37110397
30000513915 03509 222811 48130700   30000637309 13704 212809 37100497
36000643115 -4613 253011 52120600   36003913422 -6515 263309 41050098
42000773722 -3219 310107 53080402   42000903729 -2822 323105 46030099
48000493723 -3219 323403 57120505   48000563921 -3822 333204 51080102
BOS//523027 -2007 082817 55191102   LGA//473339 -5406 112913 60211304
06000522428 -1309 132815 51171002   06000473136 -1208 153111 57191203
12000614328 -0208 152715 50140902   12000493221 -0111 173112 55171102
18000663719 00107 172615 47130800   18000533921 00509 202611 53151001
24000474406 -1903 172721 45160800   24000422911 -5009 202814 54191002
30000512614 -1011 212814 48140801   30000392145 -1712 243109 57181103
36000543319 02512 242816 51130600   36000442732 -0613 262809 58171103
42000673319 -2218 293213 51100502   42000572228 -1314 303309 59141005
48000402818 -2520 303109 56130505   48000462628 -0815 313603 61181007
PHL//393334 -3407 133013 62221405   IPT//463831 -3309 132913 55180996
06000463433 -0807 163111 59201304   06000433128 -2410 172911 53160900
12000463216 00311 183310 58171203   12000523823 -1409 182709 53130800
18000503923 01011 212509 57161102   18000643913 -1407 212913 51110700
24000392523 -4610 212813 58201205   24000472420 -5409 223008 53160701
30000462245 -1011 243109 60191106   30000463039 -3211 242808 57160902
36000482843 00512 263204 60181106   36000552732 -3713 273308 58130804
42000552739 -1514 300408 61151107   42000693028 -1813 310602 59110905
48000422743 -0514 310903 62191108   48000563130 -2112 301704 62161006

