
749 
FOUS61 KWNO 060600
OUTPUT FROM NAM 06Z OCT 06 26
TTPTTR1R2R3 VVVLI PSDDFF HHT1T3T5   TTPTTR1R2R3 VVVLI PSDDFF HHT1T3T5
ALB//743921 -4817 183010 47070298   BTV//774211 -3914 172908 36050095
06000773930 -5019 202912 47050199   06000794432 -4918 192912 41049995
12000504136 -3517 193012 50100200   12000513828 -3918 172911 44080097
18000554124 -4218 192813 51090402   18000473024 -4917 182909 47080299
24000653223 -0718 192407 53070505   24000623639 -2218 172010 50060303
30000704334 -2613 171913 56070706   30000778050 -2410 151813 53050704
36000616723 01808 121912 58150906   36000678545 05907 101814 54110903
42000676227 -3705 111915 57151005   42001746827 03901 082015 53130903
48000825535 01202 101912 56131005   48000854441 04202 082013 51120902
BOS//723415 -5115 152913 46090498   LGA//603427 -0116 193115 55120600
06000743130 -0618 172917 49070200   06000763132 -1920 213212 54080404
12000503433 -0216 162915 50120301   12000502926 -2717 203010 55130504
18000463330 -0716 172915 51120501   18000513724 -1116 193109 56140606
24000503029 -2220 182912 53100604   24000563128 -0418 193206 57120707
30000602928 -0319 182308 55080606   30000643418 -0217 192106 58110708
36000514024 00712 142114 58150808   36000593327 00711 152012 60150909
42000734420 02609 132119 58141109   42000704722 01710 142314 61160809
48000816348 00507 122217 58141107   48000806033 00302 132214 61151208
PHL//632721 -2015 213511 58120801   IPT//724031 -3217 233308 54060201
06000762824 00018 223412 57080507   06000743632 -1018 243309 54060205
12000522727 -2416 213107 57130506   12000603827 -0515 213204 54100204
18000602625 -0715 203207 59140708   18000584327 -2015 203002 57110406
24000643122 00515 192302 59120808   24000714126 -1711 191810 57090706
30000663618 -0414 192109 59110809   30000834421 -1807 181912 58080807
36000652727 00510 162112 61150711   36000734620 -0106 132111 61150908
42000714622 01509 142112 63161011   42000735346 -3501 122011 61161106
48000815433 00704 132215 63151409   48000774534 -1903 122309 59151007

