
056 
FOUS61 KWNO 090000
OUTPUT FROM NAM 00Z OCT 09 26
TTPTTR1R2R3 VVVLI PSDDFF HHT1T3T5   TTPTTR1R2R3 VVVLI PSDDFF HHT1T3T5
ALB//654124 00308 142812 47140900   BTV//667009 02100 122509 42130799
06000783822 01406 172612 47110700   06000784138 -1804 142410 42100699
12000865110 05705 202609 44090699   12000835630 00304 172311 38090498
18000533512 02106 192813 44150699   18002586407 02803 182910 37120397
24000493312 03209 222612 49150900   24002716609 13003 202907 38110497
30000682724 -1413 253009 51110600   30004832921 -2216 263210 40060097
36000703221 -5021 313407 52080302   36000732621 -4022 323308 45039999
42000493026 -0621 323404 56110404   42000513019 -4723 333205 50070001
48000513339 -1421 330706 59110806   48000513923 00123 341402 55080503
54000543335 -3121 331608 60090908   54000494138 -1917 331711 58070907
60000542960 -0618 311512 62081009   60000503546 -1017 311813 60071108
BOS//552226 -3411 132914 52161102   LGA//503534 -0308 143009 58191403
06000594130 00009 162816 50140901   06000603317 02209 183310 55161102
12000733813 00807 182716 47120800   12000543121 -0511 202809 54151101
18000483508 -3004 182818 45160800   18000402912 -4209 202813 55191102
24000473011 -2609 212715 49160901   24000412540 -1212 233208 57191103
30000543025 02013 242914 50140600   30000422342 -0813 263112 58171004
36000662522 -0719 293214 50090401   36000582229 -1317 303612 58131005
42000402122 -3722 313110 55120504   42000492137 -2518 310305 61151007
48000422333 -1922 333408 58120605   48000522642 -0617 320804 63160909
54000503033 -1823 340506 59100607   54000632456 00117 320909 62141009
60000603052 -0522 321405 61110910   60000734566 00216 301212 63140910
PHL//492731 -1007 163111 59191404   IPT//503224 -1710 173110 53151000
06000532816 01011 193311 58161203   06000553018 -1010 192708 53130900
12000483125 -1712 212604 57151202   12000703616 -0909 222914 51100800
18000382919 -2610 212710 59201203   18000432912 -4710 223009 54160802
24000462440 -2111 243109 60191206   24000412638 -2713 243009 57160804
30000432446 -2514 263509 61171106   30000522841 -2514 273210 58130805
36000522845 -0316 300311 61151007   36000762633 -1516 310508 58090806
42000482645 -0515 300706 62181109   42000562349 -2216 310802 61140907
48000582549 -1814 311010 64171009   48000532140 -0116 311207 63140909
54000773974 -0916 310914 63131110   54000633657 -0916 301312 62111009
60000847476 -0212 281013 65141209   60000826770 -3316 281312 63100909

