
040 
FOUS61 KWNO 080600
OUTPUT FROM NAM 06Z OCT 08 26
TTPTTR1R2R3 VVVLI PSDDFF HHT1T3T5   TTPTTR1R2R3 VVVLI PSDDFF HHT1T3T5
ALB//887825 05401 071812 56121205   BTV//949236 11502 051913 52100902
06001884520 04602 082210 52120903   06004925107 10501 062112 45100900
12000583315 02205 102814 48160700   12001565606 02199 072612 43140699
18000623523 02609 142813 46130700   18000626007 02401 122611 41120599
24000673819 01008 162712 46110600   24000654223 00305 142610 40110398
30000726211 03904 192511 43100599   30000745528 01805 162410 38090396
36000553613 01108 202916 44130599   36003595408 04305 182913 36100295
42000524115 01811 232812 46130799   42000564809 04807 222809 36100496
48000593217 -3111 262911 51110700   48000713221 -3015 263209 42080197
BOS//895218 00205 102217 57121107   LGA//773915 03307 112213 61141309
06000906523 01402 082217 58131307   06000955118 02902 102413 61121508
12000572323 02005 082713 55191103   12000551934 -1407 112710 59201204
18000512523 -1810 122817 51170902   18000502931 -1708 153113 56191102
24000653329 00310 152815 49130801   24000503424 00711 183011 54160902
30000674017 00207 182615 46120700   30000573612 01011 212612 52140901
36000464511 -1606 172721 45160899   36000413320 -4910 212813 55181002
42000512817 -4612 222816 47140799   42000382729 -2014 243209 55171002
48000543215 -3213 252614 49120799   48000433418 00413 272509 56171001
PHL//823120 01405 112215 63141610   IPT//876520 05001 092008 60131306
06000904120 02103 112515 63141608   06000882420 -2007 122911 56120901
12000342331 -0710 132911 62211305   12000532931 -0709 132913 55160800
18000462226 -0309 163016 59191204   18000513126 -2810 172811 53140700
24000522627 00411 193110 56161004   24000563818 -1609 192811 51120700
30000503021 -1212 222708 56151003   30000623214 -1410 222812 51100600
36000382724 -5111 222812 58191105   36000463339 -3711 223108 53150700
42000463143 00712 253108 58181004   42000463316 -6812 252608 56150801
48000483016 -1812 273503 58171106   48000544216 00212 282905 57130804

