
229 
FOUS61 KWNO 050000
OUTPUT FROM NAM 00Z OCT 05 26
TTPTTR1R2R3 VVVLI PSDDFF HHT1T3T5   TTPTTR1R2R3 VVVLI PSDDFF HHT1T3T5
ALB//726315 00206 191711 57140906   BTV//706015 01006 171612 54140904
06000884809 00505 151910 56121005   06000868410 02900 131915 51121002
12000924913 03005 132410 53120801   12007936008 05002 102310 44110600
18000573610 00613 132917 45130599   18007664703 06901 102913 35100296
24000592908 03116 152914 43100398   24000615204 00306 143015 33070096
30000622314 -1920 173113 44070097   30000654205 -3110 162913 33049895
36000662326 -5723 203012 46039999   36000673016 -6320 182911 38029795
42000402737 -3520 182912 51090100   42000482424 -4420 162911 47080098
48000463518 -2721 182812 53090403   48000443522 -3320 162808 49080200
54000544337 -1717 172307 55070506   54000534441 -2719 152011 52060403
60000625535 -1914 151914 57070706   60003919542 07405 131814 54040603
BOS//947622 -0707 200707 59140908   LGA//936126 -0504 190507 63131309
06000985715 00206 150205 60141007   06000944914 00302 163404 63131307
12000964411 -1105 122608 59131106   12000943315 -0705 142710 62131306
18000513312 -0408 082820 55181002   18000483009 00010 133117 59191003
24000502808 -2915 122916 46130698   24000502114 -2716 163115 55150700
30000632311 -1119 143017 45090299   30000591824 -1519 183117 54110401
36000641822 -2320 163019 47050200   36000722524 -2321 203213 53070203
42000431724 -1419 152815 52110402   42000452829 -1620 193009 56120403
48000442826 -0719 162815 53110502   48000444135 -0818 193008 57140606
54000493026 -1722 162812 55090705   54000483219 -0419 183105 59120807
60000513435 -1020 172512 56080707   60000623419 -1018 182409 59110807
PHL//974428 -3202 190407 65141310   IPT//985816 -0203 201905 61141008
06001974325 -0103 173503 65131210   06001993211 -0404 162308 61131006
12000962511 -0305 162710 64141308   12000982912 01606 163109 58120805
18000662512 00008 153114 62171006   18000553413 -4112 163116 55140699
24000542316 -2713 173215 59160903   24000522319 -4117 193112 54110400
30000592220 -1718 203315 57120503   30000612626 -1920 213212 53080001
36000672925 -1221 213412 56080306   36000733529 -1020 223410 53050105
42000492829 -2419 203007 58120406   42000514035 -0918 203105 55100205
48000542924 -0517 192906 59130707   48000524024 00216 192205 57110506
54000593325 00218 182704 60120808   54000623624 -1114 182209 58090706
60000634925 -0218 182210 60100907   60000685826 00105 172010 59081008

