
584 
FOUS61 KWNO 100000
OUTPUT FROM NAM 00Z OCT 10 26
TTPTTR1R2R3 VVVLI PSDDFF HHT1T3T5   TTPTTR1R2R3 VVVLI PSDDFF HHT1T3T5
ALB//604819 05707 222606 51140900   BTV//846411 09804 213306 41090599
06000694013 -2011 253009 52120700   06002823727 -1815 263310 42070198
12000873527 -1217 310309 53080503   12000823120 -5020 313308 46050000
18000542627 -1119 320201 57120605   18000512715 -3621 323303 52090203
24000542630 00319 321105 60120908   24000483827 -0220 321606 57090606
30000632541 -0419 301712 62101109   30000513339 -0617 291813 60091107
36000905265 -0614 281814 62101008   36000713056 -1314 261915 62091208
42015989760 02107 221510 63110809   42000735869 -0511 211913 61121008
48133989859 23005 141014 67111011   48003989270 01006 161710 62111008
54044989057 01699 070411 66101111   54049989842 -3306 091505 62111107
60002977547 01005 073512 63111108   60012984237 -2705 083307 61120808
BOS//563119 -3510 212712 49150900   LGA//523638 -2808 233308 58181303
06000664622 -2411 242916 52130801   06000604039 -1309 253311 59161203
12000752927 00616 293413 52100603   12000634133 -2610 290109 59141105
18000402223 -3020 313007 55130505   18000593145 -4214 310704 60161007
24000432030 -2220 323201 60140707   24000742760 -1113 311107 63151109
30000542434 -1119 312009 61120809   30000833868 00413 301311 63141109
36000702359 00920 292012 62110909   36012989775 07811 271312 65140908
42002859374 01414 252113 62110808   42050999675 -6909 201017 69161312
48076989876 23506 171115 67121010   48098999654 04199 101420 73191812
54099999233 -7698 050809 71131713   54044995018 -3096 032006 71191811
60003986831 02900 030217 66131311   60018989423 -2198 030117 66131510
PHL//633043 -1306 243105 61181306   IPT//564142 -5307 243305 58141101
06000663449 01106 263404 62161306   06000593837 -3508 273507 58130905
12000703749 -1708 290512 61131207   12000783736 -1512 300509 59110905
18000573767 -6310 301008 62181208   18000633352 -0312 301305 61151006
24000774552 -0611 301012 64161210   24000673448 02711 291510 63150908
30000907975 -9910 281112 65151208   30000887462 01809 281511 63120908
36023989675 -1108 241016 68161212   36072989768 20712 241314 65120809
42067989570 -1498 161318 72181612   42071989472 -8900 161216 69131310
48049987312 -0697 081613 73202013   48063998311 01296 091210 70151610
54014996114 00598 022109 70211711   54018988925 06097 043609 68151511
60056999246 -9999 033318 66161410   60006936824 02101 083518 65121310

