
297 
FOUS61 KWNO 081200
OUTPUT FROM NAM 12Z OCT 08 26
TTPTTR1R2R3 VVVLI PSDDFF HHT1T3T5   TTPTTR1R2R3 VVVLI PSDDFF HHT1T3T5
ALB//905219 01901 082008 52120903   BTV//947211 09699 062010 45110900
06000564213 01505 102815 47160800   06001556507 02399 082611 43150699
12000554124 01408 142713 47140700   12000616608 04900 122511 41130599
18000643927 -0308 162712 46120600   18000694529 -0405 142409 41100498
24000765112 09306 192611 44100599   24000784827 -1706 172609 38090296
30000534213 01908 202912 43130599   30001505709 00705 182813 36110396
36000514118 03611 222512 47140800   36005947310 14003 212906 37080397
42000643216 -1813 252910 51110601   42004923223 -2416 263208 41060097
48000753820 -4019 310107 52080402   48000813427 -3823 323206 45030099
54000504025 -2319 323203 56120504   54000533421 -2922 333004 50080102
60000543640 00718 321306 60120807   60000533828 -0421 331703 56080505
BOS//936421 01907 082215 57131306   LGA//894918 03505 102412 61141508
06000572632 00306 082814 55191003   06000422136 -2708 112914 60211304
12000512433 -1510 122817 51170902   12000473436 -0408 153210 57191203
18000593335 -0610 152816 50140801   18000502923 00410 173013 54171002
24000663912 00007 182614 46120700   24000563321 -0211 212811 53150902
30000474610 -2606 182820 45150799   30000392721 -5611 212915 54181003
36000503112 -5012 212714 46140800   36000372034 -1614 243008 56181003
42000553021 00013 242814 50130600   42000432733 -1313 272710 57161003
48000673224 -1318 303312 50090402   48000552527 00514 303511 58141005
54000432922 -3520 313009 55120405   54000523232 -2614 313502 60171006
60000442835 -0120 323305 59130606   60000643345 -0714 321606 63161009
PHL//903917 02807 122511 62141508   IPT//873229 -4508 132907 55111001
06000342631 -1209 122913 62221405   06000483321 -1309 132813 55170900
12000402530 -0808 163013 59201304   12000422932 -2011 162912 54150800
18000432620 01712 183311 57171104   18000533715 -0708 192909 52130700
24000443329 00812 212908 57161103   24000653713 -3011 223012 51110601
30000392337 -5210 222912 58191105   30000432516 -4212 222907 53150601
36000462139 -2112 253109 59181105   36000432526 -4913 252808 57150803
42000482846 -0413 273405 60171106   42000503330 -1614 283006 57130804
48000533438 01116 300307 60151107   48000553328 -1213 310404 59110905
54000372847 -0715 311104 62191107   54000543540 -0913 311805 61161006
60000482855 -0414 311409 64181110   60000553054 -0811 311708 63151007

