
026 
FOUS61 KWNO 051800
OUTPUT FROM NAM 18Z OCT 05 26
TTPTTR1R2R3 VVVLI PSDDFF HHT1T3T5   TTPTTR1R2R3 VVVLI PSDDFF HHT1T3T5
ALB//725210 02910 132915 47130599   BTV//587103 03998 102911 38130597
06003662908 04313 162916 41100398   06004615806 00404 153015 34080194
12000582723 -3620 183113 46080196   12000673715 -2616 162913 36059995
18000643329 -5222 202912 47050099   18000723826 -4818 182911 40039895
24000393730 -4419 193013 50100200   24000462821 -3719 172911 45090097
30000453122 -3720 192813 52090402   30000442922 -3819 172809 48090298
36000613626 -2117 182206 54080505   36000553542 -2219 172011 51060302
42000665426 -2714 171913 56070706   42000707634 -0909 141814 53060703
48000597427 00807 121915 59150908   48000677932 12108 091815 56110905
BOS//583711 -4306 092818 55181001   LGA//553912 -3407 143017 60191002
06000623006 -2111 132920 44130699   06000552412 -1914 173115 56150800
12000642419 -2719 153017 46090298   12000582225 -0418 193116 54110401
18000632829 -1819 172918 48060200   18000702831 -1421 213113 54080303
24000422834 -0518 152817 51120400   24000413224 -0918 193110 55130504
30000433025 00317 172815 52110502   30000463526 -0216 193008 57140705
36000462522 -2321 172912 55090604   36000543127 -1917 193104 58130707
42000533531 -2120 182307 56090606   42000654324 00116 192207 58120708
48000525125 -1814 142114 58150708   48000565031 -0412 162110 60150809
PHL//653412 -1605 163113 62191004   IPT//604414 -6509 183112 55150799
06000592210 -2711 193214 60170902   06000532117 -3416 203214 54120400
12000552421 -2217 203213 57130603   12000643329 -1819 223312 53080101
18000672125 -0921 223413 56090405   18000773333 -1419 233309 53050104
24000492726 -1118 213107 57130505   24000573729 -1216 213207 55110304
30000552623 -1015 202906 59140608   30000594628 -1414 202205 57120506
36000613326 -1416 192703 59120709   36000695326 00013 192109 58100606
42000623720 -0715 192109 59110709   42000755629 -1206 181914 58080807
48000483227 -0313 162109 61160909   48000685025 00208 131911 61151008

