
225 
FOUS61 KWNO 101200
OUTPUT FROM NAM 12Z OCT 10 26
TTPTTR1R2R3 VVVLI PSDDFF HHT1T3T5   TTPTTR1R2R3 VVVLI PSDDFF HHT1T3T5
ALB//913323 -1517 313605 54060504   BTV//833825 -3520 323404 47040199
06000583824 -1417 310000 56130605   06000624019 -3519 323202 52090202
12000543640 -0917 311105 60131007   12000574230 -2216 321505 57100705
18000603554 -1316 311709 61121109   18000534141 -1615 301712 59101107
24000903956 -0217 291612 62101009   24000663542 -0813 281814 61101210
30002909373 -3411 251712 62110607   30000544366 -0716 231914 61151008
36132989874 10908 160913 65101010   36015999671 -2507 191609 61080708
42023985919 01400 090310 65091010   42022967910 -1804 111204 61081007
48000966338 -0804 083511 62091008   48002976124 -3810 083306 59091008
54000754117 -1107 073109 64171110   54000916633 -3805 073108 61131009
60000867338 -1007 103009 63141309   60004979056 -0706 093309 59120705
BOS//763024 00115 293412 53090605   LGA//703130 00013 303404 60121105
06000433421 -2219 313107 55130505   06000593042 -1514 310905 60171106
12000483432 -1117 321602 58140706   12000792742 -2212 311108 63151209
18000623345 -2716 321907 60130808   18000923073 01311 311210 62141109
24000723156 00118 301809 61120909   24000897460 01811 281214 65151110
30000735375 00517 271908 62131009   30031989876 05911 210822 68141111
36069989876 26510 191110 65110808   36132999374 -7398 101116 73171713
42102989655 04500 060519 70121512   42093996311 05898 053307 71161812
48025986642 02500 050214 65111112   48099999746 25500 030115 66111410
54001866624 -0507 043207 64141309   54042755907 -2305 063415 65171309
60000796726 -0804 083317 63151309   60000824128 01109 103213 66151811
PHL//782842 00713 300504 61121307   IPT//773532 -0413 310303 59081006
06000473151 00012 301008 62201308   06000583153 -0712 291404 61161006
12000793249 00310 290913 64161210   12000572952 -1812 291511 63161008
18000928260 -0811 290913 65151208   18000868446 -4410 281511 63120908
24002918773 01808 241018 68161310   24020999673 06710 251212 65120710
30092999166 09402 161018 72171413   30071989566 01504 171016 68121111
36086998525 -0997 091812 74201914   36088985407 01496 100911 69131612
42031998812 -2298 031808 71201711   42003978026 04198 060108 66131510
48024999112 02898 043416 65141410   48002926313 01102 093517 63111009
54010714809 -3705 083314 66181210   54000812819 -0409 113309 66151410
60000773525 -2808 123211 68181712   60000794736 -0403 122608 67161709

