
061 
FOUS61 KWNO 051200
OUTPUT FROM NAM 12Z OCT 05 26
TTPTTR1R2R3 VVVLI PSDDFF HHT1T3T5   TTPTTR1R2R3 VVVLI PSDDFF HHT1T3T5
ALB//855217 04004 142308 54110902   BTV//956110 03202 112206 45100700
06002594809 01712 132918 46130599   06007554603 05901 102815 36120396
12000622810 02916 162915 41100397   12000615805 -1206 153016 33070095
18000572321 -3221 183114 45070098   18000653913 -1814 162913 35049894
24000653133 -5022 202912 47040099   24000693418 -5119 182912 40029796
30000393132 -5120 183013 50100200   30000472321 -3919 162911 46080197
36000442822 -3220 192812 53090403   36000453228 -4219 172809 49080200
42000584730 -2816 182306 55070605   42000555826 -2617 162010 52060402
48000636447 -3212 161913 57070806   48000708247 01007 131813 54060703
54000575524 01809 111913 59160907   54000618438 11508 071816 57120905
60000656147 -1905 101916 59151106   60000685822 06102 072115 54130803
BOS//953714 -2906 132707 59131105   LGA//923513 -0605 152608 62131207
06000593809 02107 092817 56181002   06000533509 -1608 133017 60191101
12000532805 -4013 122920 44130698   12000492112 -2216 173216 55150700
18000632418 -3120 153016 45090299   18000582124 -1119 193116 54110401
24000642331 -1419 162918 47050200   24000712931 -1721 213113 53080203
30000412535 -1519 152816 51110400   30000423522 -1619 193111 55130404
36000432422 -0318 162816 52110502   36000453427 -1317 193109 57140606
42000473432 -1920 172813 55090705   42000503523 -1317 193105 58120807
48000534534 -1418 172510 57080807   48000653830 -1117 182310 59110809
54000515635 00513 132115 59150809   54000574432 -1313 152111 61151010
60000715028 01510 112120 60141309   60000644222 02709 132115 62161111
PHL//963011 -2804 172707 64141309   IPT//963814 -1905 173107 59111002
06000642912 -1405 153014 63191107   06000543413 -4512 173216 56140699
12000552311 -1913 183215 59160903   12000532517 -3716 203213 54110499
18000572521 -2018 203214 57120504   18000603225 -2819 213211 53080101
24000652526 -0421 223312 56090405   24000753632 -0720 233410 53060104
30000533025 -1917 213108 57130406   30000564029 -0816 213106 55110204
36000572421 -1116 203007 58130707   36000574322 -0714 192205 57120506
42000612518 -0217 192903 59120808   42000705330 -1312 192209 58100806
48000653121 -1816 182209 60100909   48000795236 -2209 172014 59080908
54000554628 -1211 152111 62160911   54000614426 01508 122011 62151109
60000613621 00410 132114 63161311   60000635454 -1203 112012 62171106

