
847 
FOUS61 KWNO 061800
OUTPUT FROM NAM 18Z OCT 06 26
TTPTTR1R2R3 VVVLI PSDDFF HHT1T3T5   TTPTTR1R2R3 VVVLI PSDDFF HHT1T3T5
ALB//495335 -3917 193010 50110300   BTV//515431 -2517 172909 45100197
06000594125 -2717 192813 53100402   06000543325 -4316 172908 49090399
12000683326 -1217 182505 54080505   12000663837 -2617 162009 51070403
18000694432 -1612 161815 56070705   18000784735 -1610 131815 54060904
24000584827 02605 111915 58161002   24000585139 09208 081915 55140906
30000746028 -0905 101916 58141106   30000709122 03299 071916 54141004
36000826525 -1501 081914 57141105   36003897132 07500 061914 52121004
42005928621 16499 082012 55131104   42000947318 -1000 061811 49121001
48005613620 00100 082712 50191001   48000524906 00298 062513 45170800
BOS//504933 -0512 152915 52130501   LGA//463929 -1516 193109 56140505
06000523731 -0116 172914 53120501   06000483125 -1316 193108 57150706
12000563130 -1117 182911 54100503   12000512430 00817 193205 57130706
18000623127 -1719 172306 56090606   18000623430 -1615 181906 58120707
24000504233 -0312 142115 57150708   24000574229 -1011 152112 59160809
30000734117 02108 122118 59141208   30000673921 00807 132113 61171010
36000854541 00006 102118 58130908   36000805642 -1205 112115 61151208
42000926124 -1402 092119 58151205   42000935425 01202 112114 61141407
48000825729 -0302 082316 57181205   48003723728 -0202 092409 60191406
PHL//492828 -2516 213106 58140606   IPT//523927 -1715 213304 55120404
06000563022 -1514 193006 59150708   06000553126 -1315 192503 57120506
12000622926 -0815 192504 59130708   12000694037 -1210 192009 58100806
18000643920 -1313 192209 59110809   18000734931 -1104 171913 58090907
24000583221 -0809 152011 61170910   24000744019 01105 122011 60150908
30000694221 -0406 132013 63171111   30000765335 -0403 112012 61161105
36000885833 -1403 122016 63141409   36000825422 00202 092010 60151105
42000925121 -0100 112114 63151507   42000826223 01502 102408 57141204
48000593526 -1001 102711 63231507   48000463718 -4606 112814 55191000

