
841 
FOUS61 KWNO 071800
OUTPUT FROM NAM 18Z OCT 07 26
TTPTTR1R2R3 VVVLI PSDDFF HHT1T3T5   TTPTTR1R2R3 VVVLI PSDDFF HHT1T3T5
ALB//555127 02608 121811 58160908   BTV//546534 09605 091814 55141006
06000614923 -1605 101818 57141005   06000597220 05502 071919 53141104
12000806832 08900 061817 57131306   12002819343 41100 031915 53111103
18002894918 04301 072111 53130903   18030956907 04600 052111 47110801
24000543718 02505 092817 48160800   24004625706 03599 072612 43140600
30000622830 00709 132813 47140700   30000634814 03902 112611 42120599
36000644825 01706 152612 45120600   36000695222 00703 132410 40110598
42000684725 03804 182512 42110699   42000704330 03904 152411 38090397
48000473112 07607 192818 43140597   48002665810 03804 183011 35100295
BOS//393025 -2114 142208 57150808   LGA//483824 -1712 152010 60160809
06000694922 02509 122016 58141109   06000733724 02007 121914 61161010
12000873722 -0708 092119 58131008   12000803720 00405 112115 61141109
18000895222 -0301 072119 58141406   18000925118 01603 102314 61141507
24001582729 00606 072716 56191104   24000492540 -1106 102913 60211204
30000522432 -2211 112817 53170902   30000423131 -0409 143111 57191202
36000653225 00410 142713 49130801   36000484120 00410 173009 53171001
42000663321 02907 172617 44120700   42000534111 00907 202710 49150901
48000443709 -5003 162720 44160800   48000393018 -4009 202815 53191001
PHL//553423 -0608 152207 61180910   IPT//714019 -0805 122009 60161008
06000673822 00008 131913 63161111   06000783429 -2603 101913 61161106
12000804120 00903 112017 63141509   12000884628 04801 082011 60141207
18000874721 01202 112316 63151508   18000793224 -0306 112811 57140901
24000412534 -0807 122915 62211306   24000452831 -0710 122913 54170900
30000513133 00107 153011 59201203   30000453932 -0909 152911 52150800
36000503518 01010 183212 56171002   36000534112 -0107 182810 49130700
42000523117 -0112 212810 54151002   42000603121 -1010 212813 49110600
48000402623 -6210 212913 57191104   48000463817 -3611 223011 52150700

