
549 
FOUS61 KWNO 071200
OUTPUT FROM NAM 12Z OCT 07 26
TTPTTR1R2R3 VVVLI PSDDFF HHT1T3T5   TTPTTR1R2R3 VVVLI PSDDFF HHT1T3T5
ALB//884730 -1612 181710 55030706   BTV//816936 02806 151711 53040705
06000515133 03408 111814 57150908   06000556439 09506 091917 55121006
12000605024 -2706 101818 57141105   12000597518 03400 071918 53131004
18000757234 04801 081815 56121305   18002769439 12300 051916 51111003
24004845427 04601 082010 52121003   24014925009 07098 062011 46100900
30001553116 00103 092713 48170900   30001535306 01899 062613 44150799
36000562824 02309 142814 46140700   36002595706 04202 112612 42130699
42000684127 00707 162811 45120700   42000624431 -4405 142608 40110598
48000674013 03107 192612 44110699   48000724826 01406 162412 39090397
54000563917 00610 202915 47140699   54000564912 01907 192912 38110395
60000653015 -0614 252914 47100499   60000544007 -0908 243111 37090294
BOS//702626 -0619 182403 55070605   LGA//683531 00418 191901 58100707
06000413133 -1415 142111 57140908   06000544029 -1013 152010 60150810
12000674623 03510 122017 58131208   12000673520 03408 131914 61161009
18000854429 -3307 102117 58131107   18000793924 -0405 112215 61141308
24000895722 01403 092118 58131306   24000895321 01502 102313 61131507
30001693840 -0203 072512 56191104   30000562640 -0605 102711 60211305
36000532421 -4008 112817 51171002   36000462922 -2509 143113 58191203
42000623133 00110 152815 49130801   42000483620 01611 173110 53161001
48000683912 -0409 182615 45120800   48000553114 -1413 212811 53140901
54000443517 -2711 182817 49170800   54000413326 -2111 212812 56181002
60000533422 -0412 222916 48150799   60000433623 -4210 233111 56181103
PHL//784020 -2614 192204 59090809   IPT//964435 -0908 181705 58050907
06000483021 -1011 152008 61171010   06000753719 01409 131910 60131007
12000633421 00107 131913 63161110   12000733533 -1403 111914 60151106
18000783828 -0304 112118 63141408   18000824926 05900 092011 60141205
24000814617 -0603 112316 63151507   24000793530 02005 122812 56131003
30000492932 -0806 122813 62221307   30000473520 -2109 122812 54170900
36000492228 -0808 153013 60201304   36000443228 -2411 152911 53150800
42000492722 01511 183213 57161103   42000563611 00408 192809 50130700
48000512327 00114 222908 57150904   48000622623 -2613 222912 52110601
54000412932 -2411 222811 58191004   54000443526 -3911 223011 54160702
60000463235 -3410 253011 58181106   60000464021 -4512 263311 55140702

