
896 
FOUS61 KWNO 050600
OUTPUT FROM NAM 06Z OCT 05 26
TTPTTR1R2R3 VVVLI PSDDFF HHT1T3T5   TTPTTR1R2R3 VVVLI PSDDFF HHT1T3T5
ALB//845612 -1802 161808 56111005   BTV//828113 04901 141813 51110902
06000925214 04905 132509 54120802   06012936209 06002 112307 44100600
12000583207 -0713 132918 44130401   12005594703 06302 112914 34100295
18000612911 02016 162815 42100397   18000635505 02006 153015 33070095
24000622318 -2920 173013 45070097   24000683807 -1514 162914 34049895
30000672728 -6322 202912 47049999   30000653819 -6519 182912 40039796
36000413527 -4119 183013 50100100   36000482823 -4920 162912 46080098
42000473824 -2820 182813 53090403   42000464028 -4819 162809 49080200
48000573729 -2219 182307 55070605   48000573939 -1619 161911 52060403
BOS//975219 -2405 160207 60130907   LGA//935119 -1404 173205 63131210
06000975013 -2204 132504 59131006   06000973413 00105 152608 63131306
12000553410 -1907 082818 55181002   12000473308 -1109 133118 59191001
18000512509 -4416 132919 45130598   18000502614 -3016 173216 55150700
24000632115 -1819 142917 45090299   24000632022 -1019 193116 53100500
30000641824 -2620 162920 48050200   30000692427 -1821 203113 53080203
36000432930 00018 142916 51110401   36000443122 -1719 193110 55120404
42000443021 00618 162716 53110503   42000443333 -1618 193009 57130606
48000503125 -1521 172812 54090705   48000494032 -1418 193106 58120808
PHL//984125 -1102 183404 65141112   IPT//994415 -0402 182406 61131103
06000993011 00905 162908 65141408   06000943413 -0406 163109 59120805
12000563111 -0507 153115 62191006   12000533112 -4212 173114 55140699
18000532213 -3513 183216 59160903   18000502720 -5016 193214 54120499
24000572418 -1218 203314 57120503   24000632827 -2220 213212 53070001
30000672725 -0521 223312 56080405   30000723531 -1220 233310 53050004
36000502719 -1918 203108 57120406   36000513427 -1018 203206 55100206
42000552624 -0917 203006 59130708   42000544335 -0617 192205 58110407
48000602526 -1118 192704 59120909   48000685828 -0511 192210 58090806

