704
FOUS61 KWNO 031800
OUTPUT FROM NAM 18Z OCT 03 26
TTPTTR1R2R3 VVVLI PSDDFF HHT1T3T5   TTPTTR1R2R3 VVVLI PSDDFF HHT1T3T5
ALB//733217 -0709 263607 57150903   BTV//714134 -2512 283507 51120402
06000763026 -0211 270311 57130903   06000703323 00712 280306 52110603
12000784220 -1309 260707 58110902   12000693223 -0712 281207 54100703
18000833930 01311 251411 58120802   18000783847 00510 251412 55100703
24000635740 00011 201410 59150805   24000634437 01110 201713 56150701
30000705213 -2103 171509 59131007   30000676615 01004 161615 55140804
36000833708 03608 132406 58120808   36000745512 04405 111914 53120902
42000914214 04410 122813 53110601   42000884107 04207 092410 43100499
48000502705 -3216 132919 44120497   48001576104 05704 112817 35100194
BOS//723417 -1107 250710 59171003   LGA//634014 00607 240609 63201206
06000914119 00208 271009 58140902   06000784712 -0107 251010 62181105
12000833716 -1011 270707 58140803   12000834815 -0410 250812 62151106
18000913325 -0314 270710 59120703   18000854940 -1113 240813 62141108
24000814247 01811 230910 60140906   24000777844 03401 200814 64141110
30007999625 04902 170814 63131209   30019985818 -3599 160113 65121311
36092985525 -5199 100117 64141210   36002964042 -0403 143007 64121211
42000932421 -2109 102811 61131008   42000962233 -2409 132911 62121109
48000502219 -2112 092922 56160800   48000462120 -1013 143219 59160802
PHL//706730 -0507 240607 64191109   IPT//694415 00907 250305 61170804
06000825713 -0106 240912 64191209   06000704216 -0208 240609 62170904
12000905521 00306 230713 65161309   12000934023 00306 241208 62140907
18000837547 01001 220915 65151209   18000754242 02410 231311 61130906
24008986352 -2999 180514 67131411   24000815215 -0501 201509 61120906
30004974642 -0703 170109 66131412   30001984214 00004 181703 61111009
36000973549 -1707 153107 65131112   36001972511 -0108 152607 61120907
42000992034 -3209 153010 63121110   42000812719 01010 163212 57120503
48000502111 -0111 153218 61170807   48000472512 -6316 173114 54130498
