
579 
FOUS61 KWNO 070600
OUTPUT FROM NAM 06Z OCT 07 26
TTPTTR1R2R3 VVVLI PSDDFF HHT1T3T5   TTPTTR1R2R3 VVVLI PSDDFF HHT1T3T5
ALB//813733 -0517 192605 53030605   BTV//713938 -0916 182006 50040402
06000814125 -1413 181811 55030806   06000725333 -1808 151814 53040904
12000515836 -0309 121814 57150907   12000566842 10405 091816 55121106
18000594520 -0607 101817 56141005   18000596115 01901 071918 53131003
24000745227 02501 081815 55111205   24000756624 07099 061916 50111003
30002874818 06202 082013 52121003   30009903812 06901 042016 47100801
36000513312 02402 102816 46160800   36000595308 04000 072715 42130599
42000552730 02310 142712 46140700   42000625206 02803 122611 40110498
48000624816 02408 162612 45120600   48000664715 01803 142513 39100498
BOS//653529 -1219 183109 53080504   LGA//632319 00419 193504 57100807
06000633226 -1118 182403 55070706   06000792529 -0718 190701 57070807
12000443522 -0714 142113 57150807   12000693932 -0711 162008 59140909
18000645021 02810 122017 58141208   18000643522 02506 132014 60161009
24000844021 -0807 102118 57131107   24000783623 -0305 112115 60141308
30000896525 00304 092020 57141306   30000896824 05401 112314 60131407
36003542315 00005 082618 53191003   36001372325 -2810 112815 58211202
42000492521 -0711 132719 50160901   42000393319 -1711 152910 56191201
48000573126 00211 152715 48130900   48000423422 -0412 173112 54171101
PHL//741722 -0417 193102 59100809   IPT//823233 -2413 201603 57050806
06000822819 -1915 192502 59080909   06000894825 -1806 191806 57040907
12000483527 00011 152009 61161010   12000743519 01109 131809 60131107
18000653620 -0306 131913 62161210   18000752927 -1304 111914 60151106
24000783228 -1204 122118 63141509   24000856623 07201 092012 59131205
30000795722 01702 122416 62141407   30000813519 01705 122812 54130902
36000372222 -2509 132913 61211305   36000402825 -2411 132914 53170899
42000453822 -0809 163110 59201303   42000403327 -0811 162911 52150899
48000483417 00311 183211 57171103   48000513316 -1110 192812 50130700

