
251 
FOUS61 KWNO 061200
OUTPUT FROM NAM 12Z OCT 06 26
TTPTTR1R2R3 VVVLI PSDDFF HHT1T3T5   TTPTTR1R2R3 VVVLI PSDDFF HHT1T3T5
ALB//774331 -6918 212909 48040099   BTV//785230 -4117 192808 41040096
06000554737 -3817 182911 50100200   06000584028 -3418 172910 45080097
12000523928 -3419 192813 52090402   12000502930 -4318 172908 48080299
18000583329 -1619 182506 53070505   18000614639 -1918 172010 51060303
24000664838 -1513 171814 56070807   24000657644 00308 151813 53060604
30000605433 -0104 111814 59151008   30000656339 10309 091816 56111106
36000767348 00604 091917 59141006   36000739125 04600 061918 56130905
42001868325 04302 081914 58141006   42001937736 05202 051914 53121003
48011936526 04803 082008 55131004   48001903919 04402 072207 47120702
54000603920 -2203 102809 51180901   54000474906 00001 082611 44160800
60000563016 01809 132812 50160801   60000524505 04201 102611 44140799
BOS//743728 -1415 172917 49070300   LGA//683931 -0519 213212 54090303
06000534035 -0715 152915 52120401   06000533526 -1917 193110 56130505
12000513432 -0416 172914 53120502   12000542824 -1317 193110 57130606
18000493231 -2220 173011 54100504   18000562626 -1218 193306 57120707
24000563131 -0620 182206 55090606   24000633423 -1117 192207 58110708
30000424532 -1011 142113 58151008   30000614132 -0612 152110 60150909
36000765343 02110 122120 60131209   36000736028 02507 132015 62160910
42000868445 01305 102219 60141207   42000887736 01105 112115 62151209
48001907829 00404 092118 60151207   48001947028 02304 112213 62141308
54002865139 -0804 092411 57161204   54000753928 -0703 102506 61191306
60000642918 -1704 112512 55191202   60000514326 -0405 133209 59211303
PHL//763427 -0518 233409 57090406   IPT//805434 -1411 243306 54040206
06000593329 -1116 213008 58130506   06000623727 -0416 213206 54100204
12000632322 -0915 203207 59130607   12000604025 -0515 202203 57110406
18000643322 -0716 193002 59120708   18000754223 -1508 192009 58090807
24001693824 -1414 192008 59100909   24000884925 -1005 181912 58070907
30000633530 00209 162109 62170910   30000794329 00907 131910 61141008
36000745124 -0907 142014 64171011   36002918855 -4200 112013 62140908
42000906730 -0504 122016 64141410   42003917228 02302 092110 61141006
48000915525 00804 122313 63141410   48000914034 00004 102607 58141104
54000714526 -0803 112507 63201407   54000512832 -3108 122911 56181001
60000492822 -0506 133012 61211404   60000512536 -1309 153111 55160800

