
936 
FOUS61 KWNO 091800
OUTPUT FROM NAM 18Z OCT 09 26
TTPTTR1R2R3 VVVLI PSDDFF HHT1T3T5   TTPTTR1R2R3 VVVLI PSDDFF HHT1T3T5
ALB//514212 -0804 202914 44150799   BTV//607011 01502 182907 38120497
06000544515 02910 222610 49150800   06003575513 07406 202912 41120598
12000653020 00411 252811 52120701   12000793821 -2215 253309 42070198
18000782822 -3418 313609 53080503   18000722718 -5520 323309 45040000
24000533122 00119 320202 56120605   24000513419 -3122 333103 51080102
30000533444 -0819 320904 59120908   30000474834 -2319 331404 56090706
36000613143 00419 311609 61101008   36000473852 -0816 311712 59091007
42000813469 -1217 301613 61090908   42000593053 -0315 291814 61091208
48052989773 03510 251414 62100607   48000604771 02916 241913 60130908
BOS//464307 -3503 172820 45170900   LGA//372812 -4308 202814 56201203
06000523214 -2410 212716 49160901   06000402441 -3311 233208 58191203
12000573324 00612 242715 51140801   12000423243 -0512 263108 58181204
18000682822 00516 293412 52100503   18000553536 -0913 293609 59151106
24000432417 -2419 313107 55130504   24000512842 00215 310604 60161007
30000442933 -1919 320302 58140706   30000582636 -1015 320906 62161109
36000573634 -1820 331305 59120808   36000803361 00213 311110 62141109
42000813152 03317 311710 61120909   42008979572 -1012 291212 64140808
48000728376 00116 282010 60120707   48056979873 05612 221021 67131012
PHL//372627 -8010 222810 60211306   IPT//473017 -3908 223107 56170901
06000451940 -1410 243206 61201306   06000412941 -0712 242707 58171002
12000452552 -1711 260106 61181306   12000493641 -2612 273606 58140905
18000543051 00212 290409 61161208   18000693535 -1212 300508 59111006
24000433155 -0512 301107 62201208   24000613150 -0412 301304 61161006
30000624174 00412 311111 63171209   30000592830 01213 301411 62161007
36000818874 -2412 291011 64161008   36000767264 -3113 281412 63120908
42053979776 06911 261118 67150910   42087989766 17910 251214 65110706
48039989475 00600 171221 71171412   48070989775 00001 161220 69121112

