
942 
FOUS61 KWNO 041800
OUTPUT FROM NAM 18Z OCT 04 26
TTPTTR1R2R3 VVVLI PSDDFF HHT1T3T5   TTPTTR1R2R3 VVVLI PSDDFF HHT1T3T5
ALB//736540 02508 231607 58150805   BTV//755540 01607 221712 54140701
06000915512 -1004 201811 57130906   06000796314 01204 181715 54130803
12000945010 00104 152009 57120905   12000918711 02900 121916 52121003
18001934513 05906 122612 55130902   18009935408 06601 102609 46120600
24000572908 -2614 132918 45130598   24003593803 06901 112816 34100295
30000623208 03115 152814 43100398   30000625805 01105 143014 34070096
36000652511 -1719 173013 45080197   36000624104 -4211 162913 32049895
42000632731 -5923 202912 47040099   42000693221 -4720 182811 39029796
48000413436 -4820 182912 50100200   48000432927 -4920 162911 46080098
BOS//774543 00409 241011 59150806   LGA//907948 03004 230606 62150808
06000967113 00905 201212 60141009   06001975318 -0301 190607 63151209
12000984916 -0604 153405 61141108   12000974419 -0604 163104 64151309
18000973911 00604 122509 60121006   18000973210 00005 142611 63131206
24000542711 -0208 092818 55170902   24000422711 -1011 133116 59181003
30000512508 -3716 122917 46130699   30000482113 -2715 173114 55150800
36000652811 00618 143015 45090299   36000551819 -0419 183116 54110401
42000602025 -3120 163019 48060100   42000722529 -1922 203112 53070202
48000402531 -1519 152816 51110400   48000442936 -1720 193110 56120404
PHL//985352 -2899 220610 64151109   IPT//975620 -0402 221603 60130806
06002985131 00601 190509 65141409   06001974617 01003 201807 61131008
12000984129 -0904 173304 65141312   12001993012 -0904 162209 61121006
18000962513 01206 162710 64141308   18000903212 00506 163212 58130706
24000532411 -0609 153114 62191005   24000573419 -4612 173214 55130598
30000562314 -2813 183215 59150802   30000522317 -3617 193112 54110499
36000572020 -1818 193214 57120503   36000602121 -2419 213313 54080102
42000662726 -0621 213312 56090405   42000793534 -0520 233410 53040105
48000492835 -2319 203108 58120506   48000514338 -0818 213106 55100205

