
903 
FOUS61 KWNO 080000
OUTPUT FROM NAM 00Z OCT 08 26
TTPTTR1R2R3 VVVLI PSDDFF HHT1T3T5   TTPTTR1R2R3 VVVLI PSDDFF HHT1T3T5
ALB//625222 -2706 091816 57141105   BTV//597420 02503 071815 53141103
06000835926 04101 071816 56111405   06002849739 27000 052012 52110903
12002904520 03303 082010 53121003   12031936410 04800 051912 46100900
18000493517 00505 092816 48170900   18002647007 00898 072611 44140600
24000583125 02908 142814 47140700   24000645806 03301 112611 41120599
30000653727 -0809 162713 46120600   30000654623 -0704 132311 40110598
36000695228 04106 182412 43110699   36000714430 03305 152410 39090397
42000563314 02808 202916 43120498   42002554709 05005 182913 36100295
48000593418 02013 242914 45110598   48000553712 03709 223011 36090395
54000723418 -4013 272810 50100501   54000652923 -4716 263307 42070198
60000745128 -3014 302304 54080604   60000684143 -3619 302603 48050201
BOS//633323 01511 122016 58131108   LGA//753724 02808 121914 61151010
06000833919 -0609 102117 58121008   06000854020 -1006 112114 61141309
12000915722 00303 082118 58131406   12000965018 01603 102413 61121508
18000692825 01605 082613 56181104   18000631931 -0405 112809 60201304
24000492527 -0910 122816 52171002   24000473030 -0108 143113 57191203
30000632627 -1410 152816 50130801   30000523524 01511 173110 53161001
36000684127 02008 172614 45120700   36000583711 -1008 202612 50140901
42000454509 -1604 162720 44160899   42000392820 -3910 202916 53181002
48000542619 -3913 212918 46130699   48000403128 -2414 253113 55160902
54000592718 -1915 262812 48110500   54000433318 -1015 282806 56150902
60000653224 -1618 302909 51100403   60000433520 -0415 302906 58140905
PHL//753622 -0707 131911 63151111   IPT//713826 -3304 101910 61161106
06000813322 -0703 112117 64141510   06000855225 04601 092011 60131406
12000924720 00301 112514 63141508   12000813124 -1106 122812 57121002
18000372426 -0509 122914 62221305   18000543531 -0408 132912 54170800
24000473226 00307 153012 59201303   24000463429 -2310 162911 53150800
30000533223 01611 183113 56161003   30000603516 -2009 192810 51120700
36000552818 -1310 212809 54140903   36000663513 -0409 212812 49110600
42000412915 -3911 222914 57191104   42000393526 -2212 233109 52150600
48000423528 -2112 253209 58171005   48000394226 -5913 263106 55150800
54000423826 -2115 280202 58161005   54000484314 -1913 282701 57120804
60000503523 -3316 311607 60141008   60000593928 01013 311806 60110906

