
592 
FOUS61 KWNO 090600
OUTPUT FROM NAM 06Z OCT 09 26
TTPTTR1R2R3 VVVLI PSDDFF HHT1T3T5   TTPTTR1R2R3 VVVLI PSDDFF HHT1T3T5
ALB//804726 -0107 172708 47100700   BTV//805533 -2004 142308 42090699
06000925712 05205 202809 43070699   06000895033 02403 172310 38080498
12000553709 02005 202812 43140600   12001566308 00904 182809 37110397
18000523212 00110 232711 48140899   18000615710 07206 212907 38100497
24000742819 -2414 262909 51100501   24000873216 -5116 273210 41060098
30000753015 -4620 323608 52070402   30000743524 -3921 323207 45039999
36000473525 -1021 333402 56110505   36000503619 -5021 333304 51080101
42000493833 -1619 341304 59120907   42000504722 00020 341604 56080605
48000483434 00017 331710 61101108   48000534338 -0412 321813 59081107
BOS//634128 -4009 152817 50131001   LGA//623619 00010 183109 55141202
06000723913 00707 182816 47120800   06000663617 -0810 203009 54131101
12000524407 -3003 182817 44160700   12000432916 -3910 202911 55191103
18000533410 -1909 212614 48150800   18000432528 -2112 243209 57181103
24000572920 -1713 242816 51130600   24000442542 -0714 273112 57161005
30000652918 -1318 303214 51090502   30000592229 -1314 310110 58130906
36000412820 -3520 313109 55120704   36000502237 -1417 320302 60151007
42000413227 -0120 333306 58140705   42000552433 -0817 331303 63151109
48000483639 -1121 340705 60120808   48000682142 -1516 331208 62141109
PHL//622719 01911 193408 58141303   IPT//683419 -1908 203206 52090900
06000713121 00511 223011 57111202   06000753516 -1809 232909 51080801
12000442625 -4509 222810 59201205   12000482814 -4510 222909 54150702
18000482444 -0810 243210 60191206   18000433037 -3213 253108 56150803
24000452147 -0314 273609 60171107   24000513038 -1915 283308 57120804
30000512637 -0916 310409 60141007   30000792930 -2715 320507 58090906
36000452542 -0215 310904 62181008   36000632539 00114 311402 61141007
42000582544 -0413 321210 64171110   42000562427 -0913 311407 63150909
48000842551 00814 321013 64141110   48000703447 -1013 311413 63121010

