
814 
FOUS61 KWNO 091200
OUTPUT FROM NAM 12Z OCT 09 26
TTPTTR1R2R3 VVVLI PSDDFF HHT1T3T5   TTPTTR1R2R3 VVVLI PSDDFF HHT1T3T5
ALB//845210 02205 192509 44090699   BTV//885428 03504 162308 39080498
06000584010 02805 202814 44140600   06002575408 00404 172709 38120497
12000553517 05010 222611 49140899   12003645410 07806 213111 39110497
18000692726 -0712 262910 52120601   18000803417 -4416 263210 42070098
24000803124 -2718 310209 53080503   24000713518 -3921 313308 46040000
30000533425 -0819 323502 56120605   30000514018 -3021 333304 51080202
36000523631 -0818 331105 59111008   36000484423 -1519 331604 56080606
42000513433 -0316 311608 61111009   42000513236 -0616 311713 59091007
48000742459 01117 301712 62091010   48000523151 -0715 291813 60091208
54009989474 07711 251211 61110707   54000572970 -0618 251914 60131008
60109989744 13709 171115 65110907   60006999763 -1007 201611 61100807
BOS//723315 -0909 182717 47120801   LGA//683520 -0310 202807 54131101
06000474707 -2304 182818 45160800   06000502611 -3808 212608 55181103
12000533313 -0810 212716 49150801   12000422535 -2311 243309 57191104
18000593229 00013 242815 52130700   18000422750 -1314 263009 58171105
24000682724 -0817 293411 52100603   24000553038 -0513 300108 58141006
30000422924 -2820 313107 55130605   30000532338 -0815 310702 60161007
36000433429 -1620 333204 58140706   36000642127 -1914 321404 62161109
42000513530 -1720 320805 60120808   42000752060 -0315 311210 63141110
48000743243 -1017 311808 61120910   48000796775 -4212 291212 64151009
54000664474 -0416 281710 61140909   54051989875 00911 231220 66141011
60003989775 01908 211212 63120808   60126999859 03803 141021 70151412
PHL//663123 -0611 222805 57131203   IPT//763616 -4609 233005 50080800
06000442724 -4610 212608 60201206   06000472514 -2109 222907 55160802
12000512142 -0609 243209 60191207   12000382749 -2313 253106 57160903
18000481848 -0212 260107 61171207   18000453144 -2314 273505 58130805
24000483248 -0713 300610 60161108   24000613533 -0113 310605 58110906
30000433061 00014 300907 62181108   30000553047 00513 301503 61150906
36000572961 -0213 311111 64171209   36000572526 -1414 301509 63151007
42000838373 02612 301213 64151109   42000726570 -2112 291512 63120907
48043989776 05108 271115 66141108   48064989773 08108 261312 65110807
54084989875 18506 191119 70151312   54086989048 00706 191215 67111011
60041997122 02497 111313 71181812   60042999315 12197 111214 69131511

