
275 
FOUS61 KWNO 101800
OUTPUT FROM NAM 18Z OCT 10 26
TTPTTR1R2R3 VVVLI PSDDFF HHT1T3T5   TTPTTR1R2R3 VVVLI PSDDFF HHT1T3T5
ALB//552733 01017 320302 57130706   BTV//573619 -3320 323403 52100102
06000503246 00318 310806 60131007   06000573927 -3917 321404 57100706
12000583853 -0316 311610 61121009   12000563847 -0914 301712 59101008
18000943960 00815 291611 61090909   18000624053 00113 281813 60101109
24008969072 06017 250906 62100606   24000704972 -1916 241914 60130907
30066989773 11508 171014 64090910   30004898667 -0708 191712 61080708
36043988512 -0104 090310 64080910   36008999657 01705 121404 61080907
42001989133 00505 083610 62091008   42006943738 -3109 092902 61090809
48000763819 -0806 073109 64171010   48000906628 -2706 073206 61130908
BOS//393424 00018 303108 57150706   LGA//542643 -2912 311602 61191106
06000453042 -1618 320406 59140807   06000802559 00811 311309 63161108
12000643341 -1317 321507 60130809   12000862948 -0111 301112 63151210
18000713354 -1217 301709 61120810   18000866970 00612 271014 65151210
24000646075 -9917 271707 61140909   24009989376 -8111 211021 68151111
30009989875 04313 201209 64110609   30101999861 -0899 110918 72171613
36074989873 10502 060622 70131212   36023995920 03996 053304 71171812
42043986013 02502 050217 66111111   42021948115 -1199 040116 66121410
48000806219 00806 053205 64151110   48001757011 -4505 073413 65171211
PHL//422563 -1412 301005 63211208   IPT//572847 -1011 301703 62171006
06000754262 00809 301113 64181209   06000563869 00609 291310 64171008
12000826658 00011 281014 66161210   12000777156 -9513 281410 63141007
18000868772 03109 241017 68171310   18030989771 10512 251112 64120608
24041989871 29302 161023 72171612   24087989774 05401 160915 69121110
30056998551 -2298 081711 74191913   30080988951 -9901 091115 70141511
36005985411 02299 031910 71211710   36021966721 03997 050309 67131511
42041989742 11499 043618 66131411   42000927310 -0199 083515 65111309
48027715511 -4105 083514 67181111   48000883621 -1506 123308 65131211

