
372 
FOUS61 KWNO 100600
OUTPUT FROM NAM 06Z OCT 10 26
TTPTTR1R2R3 VVVLI PSDDFF HHT1T3T5   TTPTTR1R2R3 VVVLI PSDDFF HHT1T3T5
ALB//762920 -3712 262909 52090800   BTV//874522 -4715 273305 42070198
06000893424 -0716 320407 53060604   06000864425 -4918 323305 46050000
12000693023 00516 321801 57120605   12000663217 -4118 313303 52090203
18000612828 -1617 321005 60121008   18000643928 -2017 321706 57100706
24000702640 -0718 311813 61111009   24000613236 -0117 301713 60101008
30000953873 -0617 281711 62091009   30000812359 -0617 271813 61091108
36035989772 06212 221213 63110807   36000817970 -7115 231914 60110907
42090989355 -3005 130911 67101110   42006979372 -7005 161610 62100907
48065988556 02105 090306 63100909   48031979161 06806 091605 61101007
BOS//643527 -3111 242915 52120900   LGA//622347 -0612 263205 59141205
06000753127 -0116 303413 52090603   06000632932 -0513 300210 59121106
12000483020 -1619 313006 55130505   12000552536 -1614 310904 60171006
18000512524 -2618 320202 59140706   18000762343 -1713 311108 62151109
24000632732 -0918 321909 61120809   24000882549 -0512 301210 63151110
30000752353 00319 301911 62110910   30000898971 07011 271214 65151009
36000626874 -0919 252011 62141007   36026989673 00908 201121 68161310
42072989775 25912 171116 66110809   42066999860 00798 091511 73181813
48063989746 09498 050622 70121412   48012985826 02597 053612 69161712
PHL//762453 00410 263403 62131307   IPT//703039 -2310 280105 58090906
06000732044 00712 300411 61121208   06000653432 -1510 310505 59090905
12000442753 -1712 301007 62201208   12000602949 -1912 301505 61150906
18000692555 01712 301012 64171209   18000612653 -1412 291310 63160908
24000897157 01711 281114 65151210   24000746863 -1814 281412 63121008
30000878976 -3507 251115 68161309   30051989672 08509 251412 65110610
36025989565 -1600 151119 72181613   36101999567 01299 141316 70141311
42017989428 -0398 081815 73201912   42103989428 -3199 090409 69151511
48006997615 10299 021807 70201711   48009948123 -9998 053613 66151611

