RRFS-BASED FOUS-STYLE ESTIMATE
EXPERIMENTAL - NOT AN OFFICIAL NWS BULLETIN
RRFS 12Z OCT 07 26; DISPLAY THROUGH HOUR 60
T1/T3/T5=LAYER AVERAGE ESTIMATES
R1=2M RH  R2=700MB RH  R3=500MB RH; APPROXIMATE
TTPTTR1R2R3 VVVLI PSDDFF HHT1T3T5   TTPTTR1R2R3 VVVLI PSDDFF HHT1T3T5
ALB//957331 -1114 171612 55040706   BTV//738056 06609 141721 53050805
06000598120 -7009 121715 57130908   06000478624 05704 081725 55131107
12000825731 -2507 101621 57131006   12000669768 -8603 071826 54131105
18000896925 04702 071620 56121305   18000799987 -9900 041821 51121003
24001945638 04102 081813 53121004   24011905210 03802 051820 47111001
30000475805 -9908 082714 50181001   30000456518 -5500 062512 45170900
36000695018 15905 122614 47141000   36000823144 03098 092610 43140899
42000861263 06209 142715 46110800   42000704335 -5503 112517 41110698
48000904644 12605 172513 43100698   48000713509 -5005 142517 39100497
54000461109 18309 182822 43130697   54000507614 -4706 172917 37110495
60000680815 12514 232918 46110598   60000634008 12010 223015 37090395

BOS//916122 03520 182302 55070605   LGA//874725 07117 181802 58100807
06000454527 -1415 142011 57140807   06000635327 00611 141912 60140810
12000836531 01511 121917 58131009   12000892535 00808 121816 61141010
18000955122 -0608 092019 58121108   18000921922 02408 102017 61131309
24000937340 -0404 082121 58131407   24000945732 05503 102213 61131508
30001723510 -2606 072414 57171105   30000640414 -0904 092610 60201306
36000832102 -1008 102717 52171103   36000771508 -1009 133013 58171303
42000816534 -0412 132717 51131002   42000880435 -0710 153011 55141002
48000834159 -1607 152618 46110801   48000821108 -5813 182813 52141001
54000480908 -1405 152622 45160899   54000481518 -4011 192916 54170903
60000760609 -6511 202814 47130799   60000740924 -5614 243114 55140903

PHL//945822 -0715 182004 59100809   IPT//906728 00308 171709 58070907
06000543426 00109 141810 61161010   06000652527 -1008 121812 60141009
12000844033 -1108 131716 63151112   12000833720 00207 101914 60161206
18000963217 02607 112018 63141510   18000995323 -3002 082207 60141306
24000974424 -0404 112216 63151608   24000962717 06607 112814 57121103
30000501023 -4306 112815 62211308   30000546328 -0407 112613 56171001
36000730411 00908 142617 61191404   36000720916 05611 142813 53140900
42000720237 -3011 163212 57161203   42000750755 -0909 162812 52120800
48000792610 -1513 192811 56151103   48000831709 -0211 202814 49100799
54000461928 -5811 203014 58181005   54000512233 -5912 212915 53140700
60000721430 -4613 243212 58161106   60000682326 -4116 253308 55130702

CON//956231 01618 182303 53040505   BUF//763632 06909 112020 59111107
06000295839 02610 121912 56150807   06000575045 -4801 072223 58171205
12000655342 -2607 111916 57130907   12000897023 03501 062219 56171206
18000895726 13902 081912 55111106   18024967613 10100 063015 53141102
24000939948 15200 072010 55111105   24000866804 04806 102715 46120800
30001433503 08906 062617 52191101   30000608004 03201 112714 46150899
36002755022 08601 092413 47141001   36008763610 05310 142718 46140899
42000861831 -9910 122714 47110700   42000952764 06905 163115 44110798
48000822452 -1504 142513 43100699   48000921722 05209 212815 42080498
54000352318 -3806 152721 42140697   54000522135 -0113 232912 47120498
60000491007 -6711 202920 43110597   60000802929 -9912 242412 52120799

Display note: RH values are capped at 99; negative VVV values at -99 to fit FOUS field widths.
